BGP_ID	Long	Lat	bio01	bio02	bio03	bio04	bio05	bio06	bio07	bio08	bio09	bio10	bio11	bio12	bio13	bio14	bio15	bio16	bio17	bio18	bio19	clay	sand	cfvo
23N16233	-147.64292	64.827787	-1.10555555555552	8.48611111111111	0.190694444444444	1370.89444444444	22.4805555555556	-21.9583333333333	44.4388888888889	16.35	-8.69722222222218	16.35	-17.8	496.666666666667	100.586111111111	11.9666666666667	67.3583333333333	256.555555555556	46.1861111111111	256.555555555556	70.1416666666667	116.665	200.4575	13.5325
23N16235	-147.64292	64.827787	-1.10555555555552	8.48611111111111	0.190694444444444	1370.89444444444	22.4805555555556	-21.9583333333333	44.4388888888889	16.35	-8.69722222222218	16.35	-17.8	496.666666666667	100.586111111111	11.9666666666667	67.3583333333333	256.555555555556	46.1861111111111	256.555555555556	70.1416666666667	116.665	200.4575	13.5325
23N16237	-147.64292	64.827787	-1.10555555555552	8.48611111111111	0.190694444444444	1370.89444444444	22.4805555555556	-21.9583333333333	44.4388888888889	16.35	-8.69722222222218	16.35	-17.8	496.666666666667	100.586111111111	11.9666666666667	67.3583333333333	256.555555555556	46.1861111111111	256.555555555556	70.1416666666667	116.665	200.4575	13.5325
23N16238	-147.64292	64.827787	-1.10555555555552	8.48611111111111	0.190694444444444	1370.89444444444	22.4805555555556	-21.9583333333333	44.4388888888889	16.35	-8.69722222222218	16.35	-17.8	496.666666666667	100.586111111111	11.9666666666667	67.3583333333333	256.555555555556	46.1861111111111	256.555555555556	70.1416666666667	116.665	200.4575	13.5325
23N16239	-147.64292	64.827787	-1.10555555555552	8.48611111111111	0.190694444444444	1370.89444444444	22.4805555555556	-21.9583333333333	44.4388888888889	16.35	-8.69722222222218	16.35	-17.8	496.666666666667	100.586111111111	11.9666666666667	67.3583333333333	256.555555555556	46.1861111111111	256.555555555556	70.1416666666667	116.665	200.4575	13.5325
23N16240	-147.64292	64.827787	-1.10555555555552	8.48611111111111	0.190694444444444	1370.89444444444	22.4805555555556	-21.9583333333333	44.4388888888889	16.35	-8.69722222222218	16.35	-17.8	496.666666666667	100.586111111111	11.9666666666667	67.3583333333333	256.555555555556	46.1861111111111	256.555555555556	70.1416666666667	116.665	200.4575	13.5325
23N16241	-147.64292	64.827787	-1.10555555555552	8.48611111111111	0.190694444444444	1370.89444444444	22.4805555555556	-21.9583333333333	44.4388888888889	16.35	-8.69722222222218	16.35	-17.8	496.666666666667	100.586111111111	11.9666666666667	67.3583333333333	256.555555555556	46.1861111111111	256.555555555556	70.1416666666667	116.665	200.4575	13.5325
23N16242	-147.64292	64.827787	-1.10555555555552	8.48611111111111	0.190694444444444	1370.89444444444	22.4805555555556	-21.9583333333333	44.4388888888889	16.35	-8.69722222222218	16.35	-17.8	496.666666666667	100.586111111111	11.9666666666667	67.3583333333333	256.555555555556	46.1861111111111	256.555555555556	70.1416666666667	116.665	200.4575	13.5325
23N16243	-147.64292	64.827787	-1.10555555555552	8.48611111111111	0.190694444444444	1370.89444444444	22.4805555555556	-21.9583333333333	44.4388888888889	16.35	-8.69722222222218	16.35	-17.8	496.666666666667	100.586111111111	11.9666666666667	67.3583333333333	256.555555555556	46.1861111111111	256.555555555556	70.1416666666667	116.665	200.4575	13.5325
23N16244	-147.64292	64.827787	-1.10555555555552	8.48611111111111	0.190694444444444	1370.89444444444	22.4805555555556	-21.9583333333333	44.4388888888889	16.35	-8.69722222222218	16.35	-17.8	496.666666666667	100.586111111111	11.9666666666667	67.3583333333333	256.555555555556	46.1861111111111	256.555555555556	70.1416666666667	116.665	200.4575	13.5325
24N02336	-119.86242	47.080073	11.2309523809524	11.4142857142857	0.302857142857143	904.9	31.802380952381	-5.90714285714284	37.7095238095238	0.0595238095238258	22.05	22.6547619047619	-0.540476190476151	208.333333333333	33.6714285714286	4.23809523809524	47.8904761904762	87.6809523809524	20	28.1619047619048	78.8190476190476	139.338815789474	464.049342105263	129.513157894737
24N02337	-119.62457	46.903588	11.9090909090909	11.7	0.313	896.927272727273	32.5272727272728	-4.84545454545451	37.3727272727273	0.900000000000037	22.6227272727273	23.35	0.295454545454584	181.636363636364	28.9181818181818	4.24545454545455	47.1863636363636	77.4590909090909	18.7181818181818	24.6318181818182	67.5954545454546	95.1323529411765	402.536764705882	40.6323529411765
24N02338	-119.62457	46.903588	11.9090909090909	11.7	0.313	896.927272727273	32.5272727272728	-4.84545454545451	37.3727272727273	0.900000000000037	22.6227272727273	23.35	0.295454545454584	181.636363636364	28.9181818181818	4.24545454545455	47.1863636363636	77.4590909090909	18.7181818181818	24.6318181818182	67.5954545454546	95.1323529411765	402.536764705882	40.6323529411765
24N02339	-119.62457	46.903588	11.9090909090909	11.7	0.313	896.927272727273	32.5272727272728	-4.84545454545451	37.3727272727273	0.900000000000037	22.6227272727273	23.35	0.295454545454584	181.636363636364	28.9181818181818	4.24545454545455	47.1863636363636	77.4590909090909	18.7181818181818	24.6318181818182	67.5954545454546	95.1323529411765	402.536764705882	40.6323529411765
24N02340	-119.86242	47.080073	11.2309523809524	11.4142857142857	0.302857142857143	904.9	31.802380952381	-5.90714285714284	37.7095238095238	0.0595238095238258	22.05	22.6547619047619	-0.540476190476151	208.333333333333	33.6714285714286	4.23809523809524	47.8904761904762	87.6809523809524	20	28.1619047619048	78.8190476190476	139.338815789474	464.049342105263	129.513157894737
24N02341	-119.62457	46.903588	11.9090909090909	11.7	0.313	896.927272727273	32.5272727272728	-4.84545454545451	37.3727272727273	0.900000000000037	22.6227272727273	23.35	0.295454545454584	181.636363636364	28.9181818181818	4.24545454545455	47.1863636363636	77.4590909090909	18.7181818181818	24.6318181818182	67.5954545454546	95.1323529411765	402.536764705882	40.6323529411765
24N02342	-119.62457	46.903588	11.9090909090909	11.7	0.313	896.927272727273	32.5272727272728	-4.84545454545451	37.3727272727273	0.900000000000037	22.6227272727273	23.35	0.295454545454584	181.636363636364	28.9181818181818	4.24545454545455	47.1863636363636	77.4590909090909	18.7181818181818	24.6318181818182	67.5954545454546	95.1323529411765	402.536764705882	40.6323529411765
24N02343	-119.62457	46.903588	11.9090909090909	11.7	0.313	896.927272727273	32.5272727272728	-4.84545454545451	37.3727272727273	0.900000000000037	22.6227272727273	23.35	0.295454545454584	181.636363636364	28.9181818181818	4.24545454545455	47.1863636363636	77.4590909090909	18.7181818181818	24.6318181818182	67.5954545454546	95.1323529411765	402.536764705882	40.6323529411765
24N02344	-119.62457	46.903588	11.9090909090909	11.7	0.313	896.927272727273	32.5272727272728	-4.84545454545451	37.3727272727273	0.900000000000037	22.6227272727273	23.35	0.295454545454584	181.636363636364	28.9181818181818	4.24545454545455	47.1863636363636	77.4590909090909	18.7181818181818	24.6318181818182	67.5954545454546	95.1323529411765	402.536764705882	40.6323529411765
24N02345	-119.62457	46.903588	11.9090909090909	11.7	0.313	896.927272727273	32.5272727272728	-4.84545454545451	37.3727272727273	0.900000000000037	22.6227272727273	23.35	0.295454545454584	181.636363636364	28.9181818181818	4.24545454545455	47.1863636363636	77.4590909090909	18.7181818181818	24.6318181818182	67.5954545454546	95.1323529411765	402.536764705882	40.6323529411765
24N02346	-119.62457	46.903588	11.9090909090909	11.7	0.313	896.927272727273	32.5272727272728	-4.84545454545451	37.3727272727273	0.900000000000037	22.6227272727273	23.35	0.295454545454584	181.636363636364	28.9181818181818	4.24545454545455	47.1863636363636	77.4590909090909	18.7181818181818	24.6318181818182	67.5954545454546	95.1323529411765	402.536764705882	40.6323529411765
24N02347	-119.62457	46.903588	11.9090909090909	11.7	0.313	896.927272727273	32.5272727272728	-4.84545454545451	37.3727272727273	0.900000000000037	22.6227272727273	23.35	0.295454545454584	181.636363636364	28.9181818181818	4.24545454545455	47.1863636363636	77.4590909090909	18.7181818181818	24.6318181818182	67.5954545454546	95.1323529411765	402.536764705882	40.6323529411765
24N02349	-106.54129	51.596313	3.10600000000002	10.3	0.2416	1176.056	24.834	-17.766	42.6	17.45	-10.2499999999999	17.45	-12.85	373.72	69.884	9.576	60.568	175.868	42.348	175.868	42.56	244.786764705882	291.871323529412	38.8419117647059
24N02350	-106.54129	51.596313	3.10600000000002	10.3	0.2416	1176.056	24.834	-17.766	42.6	17.45	-10.2499999999999	17.45	-12.85	373.72	69.884	9.576	60.568	175.868	42.348	175.868	42.56	244.786764705882	291.871323529412	38.8419117647059
24N02352	-106.54129	51.596313	3.10600000000002	10.3	0.2416	1176.056	24.834	-17.766	42.6	17.45	-10.2499999999999	17.45	-12.85	373.72	69.884	9.576	60.568	175.868	42.348	175.868	42.56	244.786764705882	291.871323529412	38.8419117647059
24N02354	-106.54129	51.596313	3.10600000000002	10.3	0.2416	1176.056	24.834	-17.766	42.6	17.45	-10.2499999999999	17.45	-12.85	373.72	69.884	9.576	60.568	175.868	42.348	175.868	42.56	244.786764705882	291.871323529412	38.8419117647059
24N02355	-106.54129	51.596313	3.10600000000002	10.3	0.2416	1176.056	24.834	-17.766	42.6	17.45	-10.2499999999999	17.45	-12.85	373.72	69.884	9.576	60.568	175.868	42.348	175.868	42.56	244.786764705882	291.871323529412	38.8419117647059
24N02358	-106.54129	51.596313	3.10600000000002	10.3	0.2416	1176.056	24.834	-17.766	42.6	17.45	-10.2499999999999	17.45	-12.85	373.72	69.884	9.576	60.568	175.868	42.348	175.868	42.56	244.786764705882	291.871323529412	38.8419117647059
24N02359	-106.54129	51.596313	3.10600000000002	10.3	0.2416	1176.056	24.834	-17.766	42.6	17.45	-10.2499999999999	17.45	-12.85	373.72	69.884	9.576	60.568	175.868	42.348	175.868	42.56	244.786764705882	291.871323529412	38.8419117647059
24N02360	-120.05934	56.1223707	3.17692307692311	10.2038461538462	0.249423076923077	1120.10769230769	23.9384615384616	-16.9692307692307	40.9076923076923	16.8846153846154	-2.80384615384612	16.8846153846154	-11.6384615384615	395	63.6192307692308	17.8923076923077	42.8923076923077	164.776923076923	59.6346153846154	164.776923076923	65.5615384615385	373.388020833333	169.856770833333	205.473958333333
24N02363	-120.05934	56.1223707	3.17692307692311	10.2038461538462	0.249423076923077	1120.10769230769	23.9384615384616	-16.9692307692307	40.9076923076923	16.8846153846154	-2.80384615384612	16.8846153846154	-11.6384615384615	395	63.6192307692308	17.8923076923077	42.8923076923077	164.776923076923	59.6346153846154	164.776923076923	65.5615384615385	373.388020833333	169.856770833333	205.473958333333
24N02365	-120.05934	56.1223707	3.17692307692311	10.2038461538462	0.249423076923077	1120.10769230769	23.9384615384616	-16.9692307692307	40.9076923076923	16.8846153846154	-2.80384615384612	16.8846153846154	-11.6384615384615	395	63.6192307692308	17.8923076923077	42.8923076923077	164.776923076923	59.6346153846154	164.776923076923	65.5615384615385	373.388020833333	169.856770833333	205.473958333333
24N02366	-120.05934	56.1223707	3.17692307692311	10.2038461538462	0.249423076923077	1120.10769230769	23.9384615384616	-16.9692307692307	40.9076923076923	16.8846153846154	-2.80384615384612	16.8846153846154	-11.6384615384615	395	63.6192307692308	17.8923076923077	42.8923076923077	164.776923076923	59.6346153846154	164.776923076923	65.5615384615385	373.388020833333	169.856770833333	205.473958333333
24N02367	-120.05934	56.1223707	3.17692307692311	10.2038461538462	0.249423076923077	1120.10769230769	23.9384615384616	-16.9692307692307	40.9076923076923	16.8846153846154	-2.80384615384612	16.8846153846154	-11.6384615384615	395	63.6192307692308	17.8923076923077	42.8923076923077	164.776923076923	59.6346153846154	164.776923076923	65.5615384615385	373.388020833333	169.856770833333	205.473958333333
24N02368	-120.05934	56.1223707	3.17692307692311	10.2038461538462	0.249423076923077	1120.10769230769	23.9384615384616	-16.9692307692307	40.9076923076923	16.8846153846154	-2.80384615384612	16.8846153846154	-11.6384615384615	395	63.6192307692308	17.8923076923077	42.8923076923077	164.776923076923	59.6346153846154	164.776923076923	65.5615384615385	373.388020833333	169.856770833333	205.473958333333
24N02369	-120.05934	56.1223707	3.17692307692311	10.2038461538462	0.249423076923077	1120.10769230769	23.9384615384616	-16.9692307692307	40.9076923076923	16.8846153846154	-2.80384615384612	16.8846153846154	-11.6384615384615	395	63.6192307692308	17.8923076923077	42.8923076923077	164.776923076923	59.6346153846154	164.776923076923	65.5615384615385	373.388020833333	169.856770833333	205.473958333333
24N02371	-120.05934	56.1223707	3.17692307692311	10.2038461538462	0.249423076923077	1120.10769230769	23.9384615384616	-16.9692307692307	40.9076923076923	16.8846153846154	-2.80384615384612	16.8846153846154	-11.6384615384615	395	63.6192307692308	17.8923076923077	42.8923076923077	164.776923076923	59.6346153846154	164.776923076923	65.5615384615385	373.388020833333	169.856770833333	205.473958333333
24N02397	-134.850618	60.63708	-0.574999999999974	8.496875	0.21390625	1110.315625	19.33125	-20.38125	39.7125	13.471875	-6.62187499999997	13.471875	-15.028125	342.15625	49.19375	8.715625	42.5875	136.2625	42.109375	136.2625	66.640625	138.293269230769	554.471153846154	187.334134615385
24N02398	-134.850618	60.63708	-0.574999999999974	8.496875	0.21390625	1110.315625	19.33125	-20.38125	39.7125	13.471875	-6.62187499999997	13.471875	-15.028125	342.15625	49.19375	8.715625	42.5875	136.2625	42.109375	136.2625	66.640625	138.293269230769	554.471153846154	187.334134615385
24N02399	-134.850618	60.63708	-0.574999999999974	8.496875	0.21390625	1110.315625	19.33125	-20.38125	39.7125	13.471875	-6.62187499999997	13.471875	-15.028125	342.15625	49.19375	8.715625	42.5875	136.2625	42.109375	136.2625	66.640625	138.293269230769	554.471153846154	187.334134615385
24N02401	-134.850618	60.63708	-0.574999999999974	8.496875	0.21390625	1110.315625	19.33125	-20.38125	39.7125	13.471875	-6.62187499999997	13.471875	-15.028125	342.15625	49.19375	8.715625	42.5875	136.2625	42.109375	136.2625	66.640625	138.293269230769	554.471153846154	187.334134615385
24N02402	-134.850618	60.63708	-0.574999999999974	8.496875	0.21390625	1110.315625	19.33125	-20.38125	39.7125	13.471875	-6.62187499999997	13.471875	-15.028125	342.15625	49.19375	8.715625	42.5875	136.2625	42.109375	136.2625	66.640625	138.293269230769	554.471153846154	187.334134615385
24N02403	-134.850618	60.63708	-0.574999999999974	8.496875	0.21390625	1110.315625	19.33125	-20.38125	39.7125	13.471875	-6.62187499999997	13.471875	-15.028125	342.15625	49.19375	8.715625	42.5875	136.2625	42.109375	136.2625	66.640625	138.293269230769	554.471153846154	187.334134615385
24N02404	-134.850618	60.63708	-0.574999999999974	8.496875	0.21390625	1110.315625	19.33125	-20.38125	39.7125	13.471875	-6.62187499999997	13.471875	-15.028125	342.15625	49.19375	8.715625	42.5875	136.2625	42.109375	136.2625	66.640625	138.293269230769	554.471153846154	187.334134615385
24N02406	-134.850618	60.63708	-0.574999999999974	8.496875	0.21390625	1110.315625	19.33125	-20.38125	39.7125	13.471875	-6.62187499999997	13.471875	-15.028125	342.15625	49.19375	8.715625	42.5875	136.2625	42.109375	136.2625	66.640625	138.293269230769	554.471153846154	187.334134615385
24N02407	-134.850618	60.63708	-0.574999999999974	8.496875	0.21390625	1110.315625	19.33125	-20.38125	39.7125	13.471875	-6.62187499999997	13.471875	-15.028125	342.15625	49.19375	8.715625	42.5875	136.2625	42.109375	136.2625	66.640625	138.293269230769	554.471153846154	187.334134615385
24N02408	-134.850618	60.63708	-0.574999999999974	8.496875	0.21390625	1110.315625	19.33125	-20.38125	39.7125	13.471875	-6.62187499999997	13.471875	-15.028125	342.15625	49.19375	8.715625	42.5875	136.2625	42.109375	136.2625	66.640625	138.293269230769	554.471153846154	187.334134615385
24N02440	-62.751505	45.962235	5.99347826086959	4.97391304347826	0.161826086956522	880.313043478261	21.1456521739131	-9.55869565217387	30.7043478260869	4.16739130434786	-2.44565217391302	17.4065217391305	-5.17608695652171	1240.21739130435	129.891304347826	83.004347826087	15.5913043478261	387.3	267.030434782609	293.982608695652	275.965217391304	126.971153846154	310.875	111.206730769231
24N02441	-62.751505	45.962235	5.99347826086959	4.97391304347826	0.161826086956522	880.313043478261	21.1456521739131	-9.55869565217387	30.7043478260869	4.16739130434786	-2.44565217391302	17.4065217391305	-5.17608695652171	1240.21739130435	129.891304347826	83.004347826087	15.5913043478261	387.3	267.030434782609	293.982608695652	275.965217391304	126.971153846154	310.875	111.206730769231
24N02442	-62.751505	45.962235	5.99347826086959	4.97391304347826	0.161826086956522	880.313043478261	21.1456521739131	-9.55869565217387	30.7043478260869	4.16739130434786	-2.44565217391302	17.4065217391305	-5.17608695652171	1240.21739130435	129.891304347826	83.004347826087	15.5913043478261	387.3	267.030434782609	293.982608695652	275.965217391304	126.971153846154	310.875	111.206730769231
24N02443	-62.751505	45.962235	5.99347826086959	4.97391304347826	0.161826086956522	880.313043478261	21.1456521739131	-9.55869565217387	30.7043478260869	4.16739130434786	-2.44565217391302	17.4065217391305	-5.17608695652171	1240.21739130435	129.891304347826	83.004347826087	15.5913043478261	387.3	267.030434782609	293.982608695652	275.965217391304	126.971153846154	310.875	111.206730769231
24N02444	-62.751505	45.962235	5.99347826086959	4.97391304347826	0.161826086956522	880.313043478261	21.1456521739131	-9.55869565217387	30.7043478260869	4.16739130434786	-2.44565217391302	17.4065217391305	-5.17608695652171	1240.21739130435	129.891304347826	83.004347826087	15.5913043478261	387.3	267.030434782609	293.982608695652	275.965217391304	126.971153846154	310.875	111.206730769231
24N02445	-62.751505	45.962235	5.99347826086959	4.97391304347826	0.161826086956522	880.313043478261	21.1456521739131	-9.55869565217387	30.7043478260869	4.16739130434786	-2.44565217391302	17.4065217391305	-5.17608695652171	1240.21739130435	129.891304347826	83.004347826087	15.5913043478261	387.3	267.030434782609	293.982608695652	275.965217391304	126.971153846154	310.875	111.206730769231
24N02446	-62.751505	45.962235	5.99347826086959	4.97391304347826	0.161826086956522	880.313043478261	21.1456521739131	-9.55869565217387	30.7043478260869	4.16739130434786	-2.44565217391302	17.4065217391305	-5.17608695652171	1240.21739130435	129.891304347826	83.004347826087	15.5913043478261	387.3	267.030434782609	293.982608695652	275.965217391304	126.971153846154	310.875	111.206730769231
24N02447	-62.751505	45.962235	5.99347826086959	4.97391304347826	0.161826086956522	880.313043478261	21.1456521739131	-9.55869565217387	30.7043478260869	4.16739130434786	-2.44565217391302	17.4065217391305	-5.17608695652171	1240.21739130435	129.891304347826	83.004347826087	15.5913043478261	387.3	267.030434782609	293.982608695652	275.965217391304	126.971153846154	310.875	111.206730769231
24N02448	-62.751505	45.962235	5.99347826086959	4.97391304347826	0.161826086956522	880.313043478261	21.1456521739131	-9.55869565217387	30.7043478260869	4.16739130434786	-2.44565217391302	17.4065217391305	-5.17608695652171	1240.21739130435	129.891304347826	83.004347826087	15.5913043478261	387.3	267.030434782609	293.982608695652	275.965217391304	126.971153846154	310.875	111.206730769231
24N02449	-62.751505	45.962235	5.99347826086959	4.97391304347826	0.161826086956522	880.313043478261	21.1456521739131	-9.55869565217387	30.7043478260869	4.16739130434786	-2.44565217391302	17.4065217391305	-5.17608695652171	1240.21739130435	129.891304347826	83.004347826087	15.5913043478261	387.3	267.030434782609	293.982608695652	275.965217391304	126.971153846154	310.875	111.206730769231
24N02450	-62.751505	45.962235	5.99347826086959	4.97391304347826	0.161826086956522	880.313043478261	21.1456521739131	-9.55869565217387	30.7043478260869	4.16739130434786	-2.44565217391302	17.4065217391305	-5.17608695652171	1240.21739130435	129.891304347826	83.004347826087	15.5913043478261	387.3	267.030434782609	293.982608695652	275.965217391304	126.971153846154	310.875	111.206730769231
24N02451	-62.751505	45.962235	5.99347826086959	4.97391304347826	0.161826086956522	880.313043478261	21.1456521739131	-9.55869565217387	30.7043478260869	4.16739130434786	-2.44565217391302	17.4065217391305	-5.17608695652171	1240.21739130435	129.891304347826	83.004347826087	15.5913043478261	387.3	267.030434782609	293.982608695652	275.965217391304	126.971153846154	310.875	111.206730769231
24N02480	-101.35284	50.365898	2.63333333333336	10.0958333333333	0.230541666666667	1205.94166666667	24.5833333333333	-19.0958333333333	43.6791666666667	17.3916666666667	-13.725	17.3916666666667	-13.725	501.666666666667	91.8291666666667	17.25	55.7416666666667	227.433333333333	63.8916666666667	227.433333333333	63.8916666666667	258.578125	427.246875	67.334375
24N02481	-101.35284	50.365898	2.63333333333336	10.0958333333333	0.230541666666667	1205.94166666667	24.5833333333333	-19.0958333333333	43.6791666666667	17.3916666666667	-13.725	17.3916666666667	-13.725	501.666666666667	91.8291666666667	17.25	55.7416666666667	227.433333333333	63.8916666666667	227.433333333333	63.8916666666667	258.578125	427.246875	67.334375
24N02482	-101.35284	50.365898	2.63333333333336	10.0958333333333	0.230541666666667	1205.94166666667	24.5833333333333	-19.0958333333333	43.6791666666667	17.3916666666667	-13.725	17.3916666666667	-13.725	501.666666666667	91.8291666666667	17.25	55.7416666666667	227.433333333333	63.8916666666667	227.433333333333	63.8916666666667	258.578125	427.246875	67.334375
24N02483	-101.35284	50.365898	2.63333333333336	10.0958333333333	0.230541666666667	1205.94166666667	24.5833333333333	-19.0958333333333	43.6791666666667	17.3916666666667	-13.725	17.3916666666667	-13.725	501.666666666667	91.8291666666667	17.25	55.7416666666667	227.433333333333	63.8916666666667	227.433333333333	63.8916666666667	258.578125	427.246875	67.334375
24N02484	-101.35284	50.365898	2.63333333333336	10.0958333333333	0.230541666666667	1205.94166666667	24.5833333333333	-19.0958333333333	43.6791666666667	17.3916666666667	-13.725	17.3916666666667	-13.725	501.666666666667	91.8291666666667	17.25	55.7416666666667	227.433333333333	63.8916666666667	227.433333333333	63.8916666666667	258.578125	427.246875	67.334375
24N02485	-101.35284	50.365898	2.63333333333336	10.0958333333333	0.230541666666667	1205.94166666667	24.5833333333333	-19.0958333333333	43.6791666666667	17.3916666666667	-13.725	17.3916666666667	-13.725	501.666666666667	91.8291666666667	17.25	55.7416666666667	227.433333333333	63.8916666666667	227.433333333333	63.8916666666667	258.578125	427.246875	67.334375
24N02486	-101.35284	50.365898	2.63333333333336	10.0958333333333	0.230541666666667	1205.94166666667	24.5833333333333	-19.0958333333333	43.6791666666667	17.3916666666667	-13.725	17.3916666666667	-13.725	501.666666666667	91.8291666666667	17.25	55.7416666666667	227.433333333333	63.8916666666667	227.433333333333	63.8916666666667	258.578125	427.246875	67.334375
24N02487	-101.35284	50.365898	2.63333333333336	10.0958333333333	0.230541666666667	1205.94166666667	24.5833333333333	-19.0958333333333	43.6791666666667	17.3916666666667	-13.725	17.3916666666667	-13.725	501.666666666667	91.8291666666667	17.25	55.7416666666667	227.433333333333	63.8916666666667	227.433333333333	63.8916666666667	258.578125	427.246875	67.334375
24N02488	-101.35284	50.365898	2.63333333333336	10.0958333333333	0.230541666666667	1205.94166666667	24.5833333333333	-19.0958333333333	43.6791666666667	17.3916666666667	-13.725	17.3916666666667	-13.725	501.666666666667	91.8291666666667	17.25	55.7416666666667	227.433333333333	63.8916666666667	227.433333333333	63.8916666666667	258.578125	427.246875	67.334375
24N02497	-113.57037	53.687047	3.00555555555559	10	0.260851851851852	1045.75925925926	22.7166666666667	-15.65	38.3666666666667	15.8240740740741	-10.8648148148148	15.8240740740741	-10.8648148148148	454.111111111111	96.5962962962963	11.0962962962963	69.9666666666667	233.333333333333	46.5148148148148	233.333333333333	46.5148148148148	317.161184210526	233.934210526316	85.9703947368421
24N02499	-113.57037	53.687047	3.00555555555559	10	0.260851851851852	1045.75925925926	22.7166666666667	-15.65	38.3666666666667	15.8240740740741	-10.8648148148148	15.8240740740741	-10.8648148148148	454.111111111111	96.5962962962963	11.0962962962963	69.9666666666667	233.333333333333	46.5148148148148	233.333333333333	46.5148148148148	317.161184210526	233.934210526316	85.9703947368421
24N02500	-113.57037	53.687047	3.00555555555559	10	0.260851851851852	1045.75925925926	22.7166666666667	-15.65	38.3666666666667	15.8240740740741	-10.8648148148148	15.8240740740741	-10.8648148148148	454.111111111111	96.5962962962963	11.0962962962963	69.9666666666667	233.333333333333	46.5148148148148	233.333333333333	46.5148148148148	317.161184210526	233.934210526316	85.9703947368421
24N02502	-113.57037	53.687047	3.00555555555559	10	0.260851851851852	1045.75925925926	22.7166666666667	-15.65	38.3666666666667	15.8240740740741	-10.8648148148148	15.8240740740741	-10.8648148148148	454.111111111111	96.5962962962963	11.0962962962963	69.9666666666667	233.333333333333	46.5148148148148	233.333333333333	46.5148148148148	317.161184210526	233.934210526316	85.9703947368421
24N02503	-113.57037	53.687047	3.00555555555559	10	0.260851851851852	1045.75925925926	22.7166666666667	-15.65	38.3666666666667	15.8240740740741	-10.8648148148148	15.8240740740741	-10.8648148148148	454.111111111111	96.5962962962963	11.0962962962963	69.9666666666667	233.333333333333	46.5148148148148	233.333333333333	46.5148148148148	317.161184210526	233.934210526316	85.9703947368421
24N02504	-113.57037	53.687047	3.00555555555559	10	0.260851851851852	1045.75925925926	22.7166666666667	-15.65	38.3666666666667	15.8240740740741	-10.8648148148148	15.8240740740741	-10.8648148148148	454.111111111111	96.5962962962963	11.0962962962963	69.9666666666667	233.333333333333	46.5148148148148	233.333333333333	46.5148148148148	317.161184210526	233.934210526316	85.9703947368421
24N02505	-113.57037	53.687047	3.00555555555559	10	0.260851851851852	1045.75925925926	22.7166666666667	-15.65	38.3666666666667	15.8240740740741	-10.8648148148148	15.8240740740741	-10.8648148148148	454.111111111111	96.5962962962963	11.0962962962963	69.9666666666667	233.333333333333	46.5148148148148	233.333333333333	46.5148148148148	317.161184210526	233.934210526316	85.9703947368421
24N02506	-113.57037	53.687047	3.00555555555559	10	0.260851851851852	1045.75925925926	22.7166666666667	-15.65	38.3666666666667	15.8240740740741	-10.8648148148148	15.8240740740741	-10.8648148148148	454.111111111111	96.5962962962963	11.0962962962963	69.9666666666667	233.333333333333	46.5148148148148	233.333333333333	46.5148148148148	317.161184210526	233.934210526316	85.9703947368421
24N02507	-113.57037	53.687047	3.00555555555559	10	0.260851851851852	1045.75925925926	22.7166666666667	-15.65	38.3666666666667	15.8240740740741	-10.8648148148148	15.8240740740741	-10.8648148148148	454.111111111111	96.5962962962963	11.0962962962963	69.9666666666667	233.333333333333	46.5148148148148	233.333333333333	46.5148148148148	317.161184210526	233.934210526316	85.9703947368421
24N02508	-113.57037	53.687047	3.00555555555559	10	0.260851851851852	1045.75925925926	22.7166666666667	-15.65	38.3666666666667	15.8240740740741	-10.8648148148148	15.8240740740741	-10.8648148148148	454.111111111111	96.5962962962963	11.0962962962963	69.9666666666667	233.333333333333	46.5148148148148	233.333333333333	46.5148148148148	317.161184210526	233.934210526316	85.9703947368421
24N02517	-64.3393	45.8972	6.25000000000006	8.285	0.22915	927.495	24.01	-12.16	36.17	2.59500000000002	-1.23499999999995	17.85	-5.90999999999998	1251.55	122.625	85.995	10.395	359.68	288.1	289.63	308.665	148.4375	365.866666666667	92.7708333333333
24N02518	-64.3393	45.8972	6.25000000000006	8.285	0.22915	927.495	24.01	-12.16	36.17	2.59500000000002	-1.23499999999995	17.85	-5.90999999999998	1251.55	122.625	85.995	10.395	359.68	288.1	289.63	308.665	148.4375	365.866666666667	92.7708333333333
24N02519	-64.3393	45.8972	6.25000000000006	8.285	0.22915	927.495	24.01	-12.16	36.17	2.59500000000002	-1.23499999999995	17.85	-5.90999999999998	1251.55	122.625	85.995	10.395	359.68	288.1	289.63	308.665	148.4375	365.866666666667	92.7708333333333
24N02520	-64.3393	45.8972	6.25000000000006	8.285	0.22915	927.495	24.01	-12.16	36.17	2.59500000000002	-1.23499999999995	17.85	-5.90999999999998	1251.55	122.625	85.995	10.395	359.68	288.1	289.63	308.665	148.4375	365.866666666667	92.7708333333333
24N02521	-64.3382	45.9052	6.25000000000006	8.26666666666667	0.228714285714286	928.090476190476	24.002380952381	-12.15	36.152380952381	2.60238095238098	-1.24523809523804	17.85	-5.91190476190474	1251.04761904762	122.595238095238	85.9238095238095	10.3619047619048	359.338095238095	287.966666666667	289.719047619048	308.352380952381	168.863970588235	397.029411764706	104.915441176471
24N02522	-64.3382	45.9052	6.25000000000006	8.26666666666667	0.228714285714286	928.090476190476	24.002380952381	-12.15	36.152380952381	2.60238095238098	-1.24523809523804	17.85	-5.91190476190474	1251.04761904762	122.595238095238	85.9238095238095	10.3619047619048	359.338095238095	287.966666666667	289.719047619048	308.352380952381	168.863970588235	397.029411764706	104.915441176471
24N02523	-64.3382	45.9052	6.25000000000006	8.26666666666667	0.228714285714286	928.090476190476	24.002380952381	-12.15	36.152380952381	2.60238095238098	-1.24523809523804	17.85	-5.91190476190474	1251.04761904762	122.595238095238	85.9238095238095	10.3619047619048	359.338095238095	287.966666666667	289.719047619048	308.352380952381	168.863970588235	397.029411764706	104.915441176471
24N02524	-64.3382	45.9052	6.25000000000006	8.26666666666667	0.228714285714286	928.090476190476	24.002380952381	-12.15	36.152380952381	2.60238095238098	-1.24523809523804	17.85	-5.91190476190474	1251.04761904762	122.595238095238	85.9238095238095	10.3619047619048	359.338095238095	287.966666666667	289.719047619048	308.352380952381	168.863970588235	397.029411764706	104.915441176471
24N02525	-64.3382	45.9052	6.25000000000006	8.26666666666667	0.228714285714286	928.090476190476	24.002380952381	-12.15	36.152380952381	2.60238095238098	-1.24523809523804	17.85	-5.91190476190474	1251.04761904762	122.595238095238	85.9238095238095	10.3619047619048	359.338095238095	287.966666666667	289.719047619048	308.352380952381	168.863970588235	397.029411764706	104.915441176471
24N02526	-64.3382	45.9052	6.25000000000006	8.26666666666667	0.228714285714286	928.090476190476	24.002380952381	-12.15	36.152380952381	2.60238095238098	-1.24523809523804	17.85	-5.91190476190474	1251.04761904762	122.595238095238	85.9238095238095	10.3619047619048	359.338095238095	287.966666666667	289.719047619048	308.352380952381	168.863970588235	397.029411764706	104.915441176471
24N02527	-64.3382	45.9052	6.25000000000006	8.26666666666667	0.228714285714286	928.090476190476	24.002380952381	-12.15	36.152380952381	2.60238095238098	-1.24523809523804	17.85	-5.91190476190474	1251.04761904762	122.595238095238	85.9238095238095	10.3619047619048	359.338095238095	287.966666666667	289.719047619048	308.352380952381	168.863970588235	397.029411764706	104.915441176471
24N02528	-64.3382	45.9052	6.25000000000006	8.26666666666667	0.228714285714286	928.090476190476	24.002380952381	-12.15	36.152380952381	2.60238095238098	-1.24523809523804	17.85	-5.91190476190474	1251.04761904762	122.595238095238	85.9238095238095	10.3619047619048	359.338095238095	287.966666666667	289.719047619048	308.352380952381	168.863970588235	397.029411764706	104.915441176471
24N02535	-66.15649	44.19388	7.26904761904766	4.71904761904762	0.19547619047619	663.12380952381	18.9071428571429	-5.23571428571425	24.1428571428571	1.39285714285718	15.2880952380953	15.5166666666667	-1.23095238095234	1316.66666666667	136.095238095238	82.2761904761905	14.6380952380952	395.219047619048	272.119047619048	284.014285714286	340.980952380952	122.45	279.6125	101.395833333333
24N02536	-66.15649	44.19388	7.26904761904766	4.71904761904762	0.19547619047619	663.12380952381	18.9071428571429	-5.23571428571425	24.1428571428571	1.39285714285718	15.2880952380953	15.5166666666667	-1.23095238095234	1316.66666666667	136.095238095238	82.2761904761905	14.6380952380952	395.219047619048	272.119047619048	284.014285714286	340.980952380952	122.45	279.6125	101.395833333333
24N02537	-66.15649	44.19388	7.26904761904766	4.71904761904762	0.19547619047619	663.12380952381	18.9071428571429	-5.23571428571425	24.1428571428571	1.39285714285718	15.2880952380953	15.5166666666667	-1.23095238095234	1316.66666666667	136.095238095238	82.2761904761905	14.6380952380952	395.219047619048	272.119047619048	284.014285714286	340.980952380952	122.45	279.6125	101.395833333333
24N02538	-66.15649	44.19388	7.26904761904766	4.71904761904762	0.19547619047619	663.12380952381	18.9071428571429	-5.23571428571425	24.1428571428571	1.39285714285718	15.2880952380953	15.5166666666667	-1.23095238095234	1316.66666666667	136.095238095238	82.2761904761905	14.6380952380952	395.219047619048	272.119047619048	284.014285714286	340.980952380952	122.45	279.6125	101.395833333333
24N02539	-66.15649	44.19388	7.26904761904766	4.71904761904762	0.19547619047619	663.12380952381	18.9071428571429	-5.23571428571425	24.1428571428571	1.39285714285718	15.2880952380953	15.5166666666667	-1.23095238095234	1316.66666666667	136.095238095238	82.2761904761905	14.6380952380952	395.219047619048	272.119047619048	284.014285714286	340.980952380952	122.45	279.6125	101.395833333333
24N02541	-64.246125	45.110426	6.72500000000005	6.92	0.21265	868.545	22.75	-9.78999999999995	32.54	-1.27999999999995	17.505	17.505	-4.45499999999999	1243.4	131.71	85.305	13.97	373.92	261.035	261.035	337.085	174.01171875	274.5	94.8984375
24N02542	-64.246125	45.110426	6.72500000000005	6.92	0.21265	868.545	22.75	-9.78999999999995	32.54	-1.27999999999995	17.505	17.505	-4.45499999999999	1243.4	131.71	85.305	13.97	373.92	261.035	261.035	337.085	174.01171875	274.5	94.8984375
24N02616	-80.9755	42.661819	9.14545454545458	5.5	0.167727272727273	966.613636363636	25.6363636363637	-7.26363636363633	32.9	11.4136363636364	-2.88636363636361	21.55	-2.89090909090907	1131.04545454545	107.677272727273	76.4727272727272	9.56818181818181	304.168181818182	241.540909090909	297.804545454545	247.959090909091	112.6375	221.05	23.059375
24N02618	-80.9755	42.661819	9.14545454545458	5.5	0.167727272727273	966.613636363636	25.6363636363637	-7.26363636363633	32.9	11.4136363636364	-2.88636363636361	21.55	-2.89090909090907	1131.04545454545	107.677272727273	76.4727272727272	9.56818181818181	304.168181818182	241.540909090909	297.804545454545	247.959090909091	112.6375	221.05	23.059375
24N02623	-80.9755	42.661819	9.14545454545458	5.5	0.167727272727273	966.613636363636	25.6363636363637	-7.26363636363633	32.9	11.4136363636364	-2.88636363636361	21.55	-2.89090909090907	1131.04545454545	107.677272727273	76.4727272727272	9.56818181818181	304.168181818182	241.540909090909	297.804545454545	247.959090909091	112.6375	221.05	23.059375
24N02624	-80.9755	42.661819	9.14545454545458	5.5	0.167727272727273	966.613636363636	25.6363636363637	-7.26363636363633	32.9	11.4136363636364	-2.88636363636361	21.55	-2.89090909090907	1131.04545454545	107.677272727273	76.4727272727272	9.56818181818181	304.168181818182	241.540909090909	297.804545454545	247.959090909091	112.6375	221.05	23.059375
24N02682	-116.0606	50.5585	6.53750000000003	10.5958333333333	0.291958333333333	883.583333333333	25.4583333333334	-10.8375	36.2958333333333	15.3	2.05000000000003	17.8833333333334	-4.69166666666664	414.333333333333	61.2416666666667	19.3083333333333	31.9208333333333	147.983333333333	64.5666666666667	146.8125	82.5083333333333	199.990625	258.6625	120.015625
24N02683	-116.0606	50.5585	6.53750000000003	10.5958333333333	0.291958333333333	883.583333333333	25.4583333333334	-10.8375	36.2958333333333	15.3	2.05000000000003	17.8833333333334	-4.69166666666664	414.333333333333	61.2416666666667	19.3083333333333	31.9208333333333	147.983333333333	64.5666666666667	146.8125	82.5083333333333	199.990625	258.6625	120.015625
24N02684	-116.0606	50.5585	6.53750000000003	10.5958333333333	0.291958333333333	883.583333333333	25.4583333333334	-10.8375	36.2958333333333	15.3	2.05000000000003	17.8833333333334	-4.69166666666664	414.333333333333	61.2416666666667	19.3083333333333	31.9208333333333	147.983333333333	64.5666666666667	146.8125	82.5083333333333	199.990625	258.6625	120.015625
24N02685	-116.0606	50.5585	6.53750000000003	10.5958333333333	0.291958333333333	883.583333333333	25.4583333333334	-10.8375	36.2958333333333	15.3	2.05000000000003	17.8833333333334	-4.69166666666664	414.333333333333	61.2416666666667	19.3083333333333	31.9208333333333	147.983333333333	64.5666666666667	146.8125	82.5083333333333	199.990625	258.6625	120.015625
24N02686	-116.0606	50.5585	6.53750000000003	10.5958333333333	0.291958333333333	883.583333333333	25.4583333333334	-10.8375	36.2958333333333	15.3	2.05000000000003	17.8833333333334	-4.69166666666664	414.333333333333	61.2416666666667	19.3083333333333	31.9208333333333	147.983333333333	64.5666666666667	146.8125	82.5083333333333	199.990625	258.6625	120.015625
24N02688	-116.0363	50.5359	6.67500000000003	10.4958333333333	0.29	882.108333333334	25.5041666666667	-10.6791666666666	36.1833333333333	15.4041666666667	2.17500000000003	17.9833333333334	-4.55416666666663	421.291666666667	61.2958333333333	20.0583333333333	30.5375	148.304166666667	67.0041666666667	146.15	85.1375	234.545138888889	286.625	137.604166666667
24N02689	-116.0363	50.5359	6.67500000000003	10.4958333333333	0.29	882.108333333334	25.5041666666667	-10.6791666666666	36.1833333333333	15.4041666666667	2.17500000000003	17.9833333333334	-4.55416666666663	421.291666666667	61.2958333333333	20.0583333333333	30.5375	148.304166666667	67.0041666666667	146.15	85.1375	234.545138888889	286.625	137.604166666667
24N02690	-116.0363	50.5359	6.67500000000003	10.4958333333333	0.29	882.108333333334	25.5041666666667	-10.6791666666666	36.1833333333333	15.4041666666667	2.17500000000003	17.9833333333334	-4.55416666666663	421.291666666667	61.2958333333333	20.0583333333333	30.5375	148.304166666667	67.0041666666667	146.15	85.1375	234.545138888889	286.625	137.604166666667
24N02691	-116.0363	50.5359	6.67500000000003	10.4958333333333	0.29	882.108333333334	25.5041666666667	-10.6791666666666	36.1833333333333	15.4041666666667	2.17500000000003	17.9833333333334	-4.55416666666663	421.291666666667	61.2958333333333	20.0583333333333	30.5375	148.304166666667	67.0041666666667	146.15	85.1375	234.545138888889	286.625	137.604166666667
24N02692	-116.0363	50.5359	6.67500000000003	10.4958333333333	0.29	882.108333333334	25.5041666666667	-10.6791666666666	36.1833333333333	15.4041666666667	2.17500000000003	17.9833333333334	-4.55416666666663	421.291666666667	61.2958333333333	20.0583333333333	30.5375	148.304166666667	67.0041666666667	146.15	85.1375	234.545138888889	286.625	137.604166666667
24N02693	-116.0363	50.5359	6.67500000000003	10.4958333333333	0.29	882.108333333334	25.5041666666667	-10.6791666666666	36.1833333333333	15.4041666666667	2.17500000000003	17.9833333333334	-4.55416666666663	421.291666666667	61.2958333333333	20.0583333333333	30.5375	148.304166666667	67.0041666666667	146.15	85.1375	234.545138888889	286.625	137.604166666667
24N02794	-64.3158	48.8249	3.76818181818185	5.08181818181818	0.154590909090909	960.645454545455	19.65	-13.1545454545454	32.8045454545455	0.722727272727318	6.64090909090913	15.7318181818182	-8.64545454545451	1104.81818181818	116.531818181818	72.2090909090909	15.0318181818182	333.768181818182	241.331818181818	277.945454545455	273.472727272727	142.104166666667	342.0625	78.4236111111111
24N02795	-64.3158	48.8249	3.76818181818185	5.08181818181818	0.154590909090909	960.645454545455	19.65	-13.1545454545454	32.8045454545455	0.722727272727318	6.64090909090913	15.7318181818182	-8.64545454545451	1104.81818181818	116.531818181818	72.2090909090909	15.0318181818182	333.768181818182	241.331818181818	277.945454545455	273.472727272727	142.104166666667	342.0625	78.4236111111111
24N02796	-64.3158	48.8249	3.76818181818185	5.08181818181818	0.154590909090909	960.645454545455	19.65	-13.1545454545454	32.8045454545455	0.722727272727318	6.64090909090913	15.7318181818182	-8.64545454545451	1104.81818181818	116.531818181818	72.2090909090909	15.0318181818182	333.768181818182	241.331818181818	277.945454545455	273.472727272727	142.104166666667	342.0625	78.4236111111111
24N02797	-64.3158	48.8249	3.76818181818185	5.08181818181818	0.154590909090909	960.645454545455	19.65	-13.1545454545454	32.8045454545455	0.722727272727318	6.64090909090913	15.7318181818182	-8.64545454545451	1104.81818181818	116.531818181818	72.2090909090909	15.0318181818182	333.768181818182	241.331818181818	277.945454545455	273.472727272727	142.104166666667	342.0625	78.4236111111111
24N02799	-64.3158	48.8249	3.76818181818185	5.08181818181818	0.154590909090909	960.645454545455	19.65	-13.1545454545454	32.8045454545455	0.722727272727318	6.64090909090913	15.7318181818182	-8.64545454545451	1104.81818181818	116.531818181818	72.2090909090909	15.0318181818182	333.768181818182	241.331818181818	277.945454545455	273.472727272727	142.104166666667	342.0625	78.4236111111111
24N02800	-64.3158	48.8249	3.76818181818185	5.08181818181818	0.154590909090909	960.645454545455	19.65	-13.1545454545454	32.8045454545455	0.722727272727318	6.64090909090913	15.7318181818182	-8.64545454545451	1104.81818181818	116.531818181818	72.2090909090909	15.0318181818182	333.768181818182	241.331818181818	277.945454545455	273.472727272727	142.104166666667	342.0625	78.4236111111111
24N02801	-64.3158	48.8249	3.76818181818185	5.08181818181818	0.154590909090909	960.645454545455	19.65	-13.1545454545454	32.8045454545455	0.722727272727318	6.64090909090913	15.7318181818182	-8.64545454545451	1104.81818181818	116.531818181818	72.2090909090909	15.0318181818182	333.768181818182	241.331818181818	277.945454545455	273.472727272727	142.104166666667	342.0625	78.4236111111111
24N02802	-64.3158	48.8249	3.76818181818185	5.08181818181818	0.154590909090909	960.645454545455	19.65	-13.1545454545454	32.8045454545455	0.722727272727318	6.64090909090913	15.7318181818182	-8.64545454545451	1104.81818181818	116.531818181818	72.2090909090909	15.0318181818182	333.768181818182	241.331818181818	277.945454545455	273.472727272727	142.104166666667	342.0625	78.4236111111111
24N02804	-64.3158	48.8249	3.76818181818185	5.08181818181818	0.154590909090909	960.645454545455	19.65	-13.1545454545454	32.8045454545455	0.722727272727318	6.64090909090913	15.7318181818182	-8.64545454545451	1104.81818181818	116.531818181818	72.2090909090909	15.0318181818182	333.768181818182	241.331818181818	277.945454545455	273.472727272727	142.104166666667	342.0625	78.4236111111111
24N02815	-72.818831	46.067638	6.34047619047622	8.30952380952381	0.207380952380952	1095.48095238095	25.1738095238096	-14.8166666666666	39.9904761904762	19.85	-7.14523809523807	19.85	-8.35476190476187	1059.14285714286	106.571428571429	61.9095238095238	16.7333333333333	314.209523809524	198.009523809524	314.209523809524	215.285714285714	329.819852941176	254.242647058824	49.3014705882353
24N02816	-72.818831	46.067638	6.34047619047622	8.30952380952381	0.207380952380952	1095.48095238095	25.1738095238096	-14.8166666666666	39.9904761904762	19.85	-7.14523809523807	19.85	-8.35476190476187	1059.14285714286	106.571428571429	61.9095238095238	16.7333333333333	314.209523809524	198.009523809524	314.209523809524	215.285714285714	329.819852941176	254.242647058824	49.3014705882353
24N02817	-72.818831	46.067638	6.34047619047622	8.30952380952381	0.207380952380952	1095.48095238095	25.1738095238096	-14.8166666666666	39.9904761904762	19.85	-7.14523809523807	19.85	-8.35476190476187	1059.14285714286	106.571428571429	61.9095238095238	16.7333333333333	314.209523809524	198.009523809524	314.209523809524	215.285714285714	329.819852941176	254.242647058824	49.3014705882353
24N02818	-72.818831	46.067638	6.34047619047622	8.30952380952381	0.207380952380952	1095.48095238095	25.1738095238096	-14.8166666666666	39.9904761904762	19.85	-7.14523809523807	19.85	-8.35476190476187	1059.14285714286	106.571428571429	61.9095238095238	16.7333333333333	314.209523809524	198.009523809524	314.209523809524	215.285714285714	329.819852941176	254.242647058824	49.3014705882353
24N02819	-72.818831	46.067638	6.34047619047622	8.30952380952381	0.207380952380952	1095.48095238095	25.1738095238096	-14.8166666666666	39.9904761904762	19.85	-7.14523809523807	19.85	-8.35476190476187	1059.14285714286	106.571428571429	61.9095238095238	16.7333333333333	314.209523809524	198.009523809524	314.209523809524	215.285714285714	329.819852941176	254.242647058824	49.3014705882353
24N02820	-72.818831	46.067638	6.34047619047622	8.30952380952381	0.207380952380952	1095.48095238095	25.1738095238096	-14.8166666666666	39.9904761904762	19.85	-7.14523809523807	19.85	-8.35476190476187	1059.14285714286	106.571428571429	61.9095238095238	16.7333333333333	314.209523809524	198.009523809524	314.209523809524	215.285714285714	329.819852941176	254.242647058824	49.3014705882353
24N02821	-72.818831	46.067638	6.34047619047622	8.30952380952381	0.207380952380952	1095.48095238095	25.1738095238096	-14.8166666666666	39.9904761904762	19.85	-7.14523809523807	19.85	-8.35476190476187	1059.14285714286	106.571428571429	61.9095238095238	16.7333333333333	314.209523809524	198.009523809524	314.209523809524	215.285714285714	329.819852941176	254.242647058824	49.3014705882353
24N02822	-72.818831	46.067638	6.34047619047622	8.30952380952381	0.207380952380952	1095.48095238095	25.1738095238096	-14.8166666666666	39.9904761904762	19.85	-7.14523809523807	19.85	-8.35476190476187	1059.14285714286	106.571428571429	61.9095238095238	16.7333333333333	314.209523809524	198.009523809524	314.209523809524	215.285714285714	329.819852941176	254.242647058824	49.3014705882353
24N02823	-72.818831	46.067638	6.34047619047622	8.30952380952381	0.207380952380952	1095.48095238095	25.1738095238096	-14.8166666666666	39.9904761904762	19.85	-7.14523809523807	19.85	-8.35476190476187	1059.14285714286	106.571428571429	61.9095238095238	16.7333333333333	314.209523809524	198.009523809524	314.209523809524	215.285714285714	329.819852941176	254.242647058824	49.3014705882353
24N02824	-72.818831	46.067638	6.34047619047622	8.30952380952381	0.207380952380952	1095.48095238095	25.1738095238096	-14.8166666666666	39.9904761904762	19.85	-7.14523809523807	19.85	-8.35476190476187	1059.14285714286	106.571428571429	61.9095238095238	16.7333333333333	314.209523809524	198.009523809524	314.209523809524	215.285714285714	329.819852941176	254.242647058824	49.3014705882353
24N02825	-72.818831	46.067638	6.34047619047622	8.30952380952381	0.207380952380952	1095.48095238095	25.1738095238096	-14.8166666666666	39.9904761904762	19.85	-7.14523809523807	19.85	-8.35476190476187	1059.14285714286	106.571428571429	61.9095238095238	16.7333333333333	314.209523809524	198.009523809524	314.209523809524	215.285714285714	329.819852941176	254.242647058824	49.3014705882353
24N02826	-72.818831	46.067638	6.34047619047622	8.30952380952381	0.207380952380952	1095.48095238095	25.1738095238096	-14.8166666666666	39.9904761904762	19.85	-7.14523809523807	19.85	-8.35476190476187	1059.14285714286	106.571428571429	61.9095238095238	16.7333333333333	314.209523809524	198.009523809524	314.209523809524	215.285714285714	329.819852941176	254.242647058824	49.3014705882353
25N03037	-57.722693	50.025854	3.45000000000005	4.77916666666667	0.167291666666667	802.783333333333	17.4541666666667	-11.125	28.5791666666667	11.45	-0.462499999999956	13.975	-6.8583333333333	1372.75	134.220833333333	82.6041666666667	14.8833333333333	385.170833333333	268.033333333333	377.2625	320.345833333333	72.5625	180.3375	58.8875
25N03038	-57.722693	50.025854	3.45000000000005	4.77916666666667	0.167291666666667	802.783333333333	17.4541666666667	-11.125	28.5791666666667	11.45	-0.462499999999956	13.975	-6.8583333333333	1372.75	134.220833333333	82.6041666666667	14.8833333333333	385.170833333333	268.033333333333	377.2625	320.345833333333	72.5625	180.3375	58.8875
25N03039	-57.722693	50.025854	3.45000000000005	4.77916666666667	0.167291666666667	802.783333333333	17.4541666666667	-11.125	28.5791666666667	11.45	-0.462499999999956	13.975	-6.8583333333333	1372.75	134.220833333333	82.6041666666667	14.8833333333333	385.170833333333	268.033333333333	377.2625	320.345833333333	72.5625	180.3375	58.8875
25N03040	-57.722693	50.025854	3.45000000000005	4.77916666666667	0.167291666666667	802.783333333333	17.4541666666667	-11.125	28.5791666666667	11.45	-0.462499999999956	13.975	-6.8583333333333	1372.75	134.220833333333	82.6041666666667	14.8833333333333	385.170833333333	268.033333333333	377.2625	320.345833333333	72.5625	180.3375	58.8875
25N03041	-57.722693	50.025854	3.45000000000005	4.77916666666667	0.167291666666667	802.783333333333	17.4541666666667	-11.125	28.5791666666667	11.45	-0.462499999999956	13.975	-6.8583333333333	1372.75	134.220833333333	82.6041666666667	14.8833333333333	385.170833333333	268.033333333333	377.2625	320.345833333333	72.5625	180.3375	58.8875
25N03042	-57.722693	50.025854	3.45000000000005	4.77916666666667	0.167291666666667	802.783333333333	17.4541666666667	-11.125	28.5791666666667	11.45	-0.462499999999956	13.975	-6.8583333333333	1372.75	134.220833333333	82.6041666666667	14.8833333333333	385.170833333333	268.033333333333	377.2625	320.345833333333	72.5625	180.3375	58.8875
25N03043	-57.722693	50.025854	3.45000000000005	4.77916666666667	0.167291666666667	802.783333333333	17.4541666666667	-11.125	28.5791666666667	11.45	-0.462499999999956	13.975	-6.8583333333333	1372.75	134.220833333333	82.6041666666667	14.8833333333333	385.170833333333	268.033333333333	377.2625	320.345833333333	72.5625	180.3375	58.8875
25N03044	-57.722693	50.025854	3.45000000000005	4.77916666666667	0.167291666666667	802.783333333333	17.4541666666667	-11.125	28.5791666666667	11.45	-0.462499999999956	13.975	-6.8583333333333	1372.75	134.220833333333	82.6041666666667	14.8833333333333	385.170833333333	268.033333333333	377.2625	320.345833333333	72.5625	180.3375	58.8875
25N03045	-57.722693	50.025854	3.45000000000005	4.77916666666667	0.167291666666667	802.783333333333	17.4541666666667	-11.125	28.5791666666667	11.45	-0.462499999999956	13.975	-6.8583333333333	1372.75	134.220833333333	82.6041666666667	14.8833333333333	385.170833333333	268.033333333333	377.2625	320.345833333333	72.5625	180.3375	58.8875
25N03046	-57.722693	50.025854	3.45000000000005	4.77916666666667	0.167291666666667	802.783333333333	17.4541666666667	-11.125	28.5791666666667	11.45	-0.462499999999956	13.975	-6.8583333333333	1372.75	134.220833333333	82.6041666666667	14.8833333333333	385.170833333333	268.033333333333	377.2625	320.345833333333	72.5625	180.3375	58.8875
25N03047	-57.722693	50.025854	3.45000000000005	4.77916666666667	0.167291666666667	802.783333333333	17.4541666666667	-11.125	28.5791666666667	11.45	-0.462499999999956	13.975	-6.8583333333333	1372.75	134.220833333333	82.6041666666667	14.8833333333333	385.170833333333	268.033333333333	377.2625	320.345833333333	72.5625	180.3375	58.8875
25N03048	-57.722693	50.025854	3.45000000000005	4.77916666666667	0.167291666666667	802.783333333333	17.4541666666667	-11.125	28.5791666666667	11.45	-0.462499999999956	13.975	-6.8583333333333	1372.75	134.220833333333	82.6041666666667	14.8833333333333	385.170833333333	268.033333333333	377.2625	320.345833333333	72.5625	180.3375	58.8875
25N03067	-115.978634	62.852877	-4.14999999999998	6.946875	0.13971875	1492.25	21.390625	-28.3	49.690625	13.01875	-14.7499999999999	14.825	-23.3874999999999	409.4375	59.528125	14.140625	44.9875	167.9375	53.0125	165.1125	66.053125	191.103365384615	331.855769230769	90.7596153846154
25N03068	-115.978634	62.852877	-4.14999999999998	6.946875	0.13971875	1492.25	21.390625	-28.3	49.690625	13.01875	-14.7499999999999	14.825	-23.3874999999999	409.4375	59.528125	14.140625	44.9875	167.9375	53.0125	165.1125	66.053125	191.103365384615	331.855769230769	90.7596153846154
25N03070	-115.978634	62.852877	-4.14999999999998	6.946875	0.13971875	1492.25	21.390625	-28.3	49.690625	13.01875	-14.7499999999999	14.825	-23.3874999999999	409.4375	59.528125	14.140625	44.9875	167.9375	53.0125	165.1125	66.053125	191.103365384615	331.855769230769	90.7596153846154
25N03071	-115.978634	62.852877	-4.14999999999998	6.946875	0.13971875	1492.25	21.390625	-28.3	49.690625	13.01875	-14.7499999999999	14.825	-23.3874999999999	409.4375	59.528125	14.140625	44.9875	167.9375	53.0125	165.1125	66.053125	191.103365384615	331.855769230769	90.7596153846154
25N03072	-115.978634	62.852877	-4.14999999999998	6.946875	0.13971875	1492.25	21.390625	-28.3	49.690625	13.01875	-14.7499999999999	14.825	-23.3874999999999	409.4375	59.528125	14.140625	44.9875	167.9375	53.0125	165.1125	66.053125	191.103365384615	331.855769230769	90.7596153846154
25N03073	-115.978634	62.852877	-4.14999999999998	6.946875	0.13971875	1492.25	21.390625	-28.3	49.690625	13.01875	-14.7499999999999	14.825	-23.3874999999999	409.4375	59.528125	14.140625	44.9875	167.9375	53.0125	165.1125	66.053125	191.103365384615	331.855769230769	90.7596153846154
25N03074	-115.978634	62.852877	-4.14999999999998	6.946875	0.13971875	1492.25	21.390625	-28.3	49.690625	13.01875	-14.7499999999999	14.825	-23.3874999999999	409.4375	59.528125	14.140625	44.9875	167.9375	53.0125	165.1125	66.053125	191.103365384615	331.855769230769	90.7596153846154
25N03075	-115.978634	62.852877	-4.14999999999998	6.946875	0.13971875	1492.25	21.390625	-28.3	49.690625	13.01875	-14.7499999999999	14.825	-23.3874999999999	409.4375	59.528125	14.140625	44.9875	167.9375	53.0125	165.1125	66.053125	191.103365384615	331.855769230769	90.7596153846154
25N03076	-115.978634	62.852877	-4.14999999999998	6.946875	0.13971875	1492.25	21.390625	-28.3	49.690625	13.01875	-14.7499999999999	14.825	-23.3874999999999	409.4375	59.528125	14.140625	44.9875	167.9375	53.0125	165.1125	66.053125	191.103365384615	331.855769230769	90.7596153846154
25N03077	-115.978634	62.852877	-4.14999999999998	6.946875	0.13971875	1492.25	21.390625	-28.3	49.690625	13.01875	-14.7499999999999	14.825	-23.3874999999999	409.4375	59.528125	14.140625	44.9875	167.9375	53.0125	165.1125	66.053125	191.103365384615	331.855769230769	90.7596153846154
25N03078	-115.978634	62.852877	-4.14999999999998	6.946875	0.13971875	1492.25	21.390625	-28.3	49.690625	13.01875	-14.7499999999999	14.825	-23.3874999999999	409.4375	59.528125	14.140625	44.9875	167.9375	53.0125	165.1125	66.053125	191.103365384615	331.855769230769	90.7596153846154
25N03097	-97.127082	50.164998	3.05000000000001	9.28181818181818	0.204545454545455	1275.20454545455	25.1636363636364	-20.15	45.3136363636363	18.55	-14.35	18.55	-14.35	560.5	96.1772727272727	16.4272727272727	57.8727272727273	261.8	60.3272727272727	261.8	60.3272727272727	292.486842105263	170.858552631579	66.7006578947368
25N03098	-97.127082	50.164998	3.05000000000001	9.28181818181818	0.204545454545455	1275.20454545455	25.1636363636364	-20.15	45.3136363636363	18.55	-14.35	18.55	-14.35	560.5	96.1772727272727	16.4272727272727	57.8727272727273	261.8	60.3272727272727	261.8	60.3272727272727	292.486842105263	170.858552631579	66.7006578947368
25N03099	-97.127082	50.164998	3.05000000000001	9.28181818181818	0.204545454545455	1275.20454545455	25.1636363636364	-20.15	45.3136363636363	18.55	-14.35	18.55	-14.35	560.5	96.1772727272727	16.4272727272727	57.8727272727273	261.8	60.3272727272727	261.8	60.3272727272727	292.486842105263	170.858552631579	66.7006578947368
25N03100	-97.127082	50.164998	3.05000000000001	9.28181818181818	0.204545454545455	1275.20454545455	25.1636363636364	-20.15	45.3136363636363	18.55	-14.35	18.55	-14.35	560.5	96.1772727272727	16.4272727272727	57.8727272727273	261.8	60.3272727272727	261.8	60.3272727272727	292.486842105263	170.858552631579	66.7006578947368
25N03101	-97.127082	50.164998	3.05000000000001	9.28181818181818	0.204545454545455	1275.20454545455	25.1636363636364	-20.15	45.3136363636363	18.55	-14.35	18.55	-14.35	560.5	96.1772727272727	16.4272727272727	57.8727272727273	261.8	60.3272727272727	261.8	60.3272727272727	292.486842105263	170.858552631579	66.7006578947368
25N03102	-97.127082	50.164998	3.05000000000001	9.28181818181818	0.204545454545455	1275.20454545455	25.1636363636364	-20.15	45.3136363636363	18.55	-14.35	18.55	-14.35	560.5	96.1772727272727	16.4272727272727	57.8727272727273	261.8	60.3272727272727	261.8	60.3272727272727	292.486842105263	170.858552631579	66.7006578947368
25N03103	-97.127082	50.164998	3.05000000000001	9.28181818181818	0.204545454545455	1275.20454545455	25.1636363636364	-20.15	45.3136363636363	18.55	-14.35	18.55	-14.35	560.5	96.1772727272727	16.4272727272727	57.8727272727273	261.8	60.3272727272727	261.8	60.3272727272727	292.486842105263	170.858552631579	66.7006578947368
25N03104	-97.127082	50.164998	3.05000000000001	9.28181818181818	0.204545454545455	1275.20454545455	25.1636363636364	-20.15	45.3136363636363	18.55	-14.35	18.55	-14.35	560.5	96.1772727272727	16.4272727272727	57.8727272727273	261.8	60.3272727272727	261.8	60.3272727272727	292.486842105263	170.858552631579	66.7006578947368
25N03105	-97.127082	50.164998	3.05000000000001	9.28181818181818	0.204545454545455	1275.20454545455	25.1636363636364	-20.15	45.3136363636363	18.55	-14.35	18.55	-14.35	560.5	96.1772727272727	16.4272727272727	57.8727272727273	261.8	60.3272727272727	261.8	60.3272727272727	292.486842105263	170.858552631579	66.7006578947368
25N03106	-97.127082	50.164998	3.05000000000001	9.28181818181818	0.204545454545455	1275.20454545455	25.1636363636364	-20.15	45.3136363636363	18.55	-14.35	18.55	-14.35	560.5	96.1772727272727	16.4272727272727	57.8727272727273	261.8	60.3272727272727	261.8	60.3272727272727	292.486842105263	170.858552631579	66.7006578947368
25N03107	-97.127082	50.164998	3.05000000000001	9.28181818181818	0.204545454545455	1275.20454545455	25.1636363636364	-20.15	45.3136363636363	18.55	-14.35	18.55	-14.35	560.5	96.1772727272727	16.4272727272727	57.8727272727273	261.8	60.3272727272727	261.8	60.3272727272727	292.486842105263	170.858552631579	66.7006578947368
25N03108	-97.127082	50.164998	3.05000000000001	9.28181818181818	0.204545454545455	1275.20454545455	25.1636363636364	-20.15	45.3136363636363	18.55	-14.35	18.55	-14.35	560.5	96.1772727272727	16.4272727272727	57.8727272727273	261.8	60.3272727272727	261.8	60.3272727272727	292.486842105263	170.858552631579	66.7006578947368
25N13574	-106.7417194	44.4478984	7.14047619047623	12.0047619047619	0.334047619047619	856.295238095238	27.5119047619048	-8.37380952380949	35.8857142857143	15.6976190476191	-3.34523809523806	18.6785714285715	-3.34523809523806	460.666666666667	78.6714285714286	14.452380952381	54.9380952380952	207.395238095238	45.647619047619	158.02380952381	45.647619047619	211.941176470588	202.919117647059	41.9669117647059
25N13576	-106.7417194	44.4478984	7.14047619047623	12.0047619047619	0.334047619047619	856.295238095238	27.5119047619048	-8.37380952380949	35.8857142857143	15.6976190476191	-3.34523809523806	18.6785714285715	-3.34523809523806	460.666666666667	78.6714285714286	14.452380952381	54.9380952380952	207.395238095238	45.647619047619	158.02380952381	45.647619047619	211.941176470588	202.919117647059	41.9669117647059
25N13577	-106.7417194	44.4478984	7.14047619047623	12.0047619047619	0.334047619047619	856.295238095238	27.5119047619048	-8.37380952380949	35.8857142857143	15.6976190476191	-3.34523809523806	18.6785714285715	-3.34523809523806	460.666666666667	78.6714285714286	14.452380952381	54.9380952380952	207.395238095238	45.647619047619	158.02380952381	45.647619047619	211.941176470588	202.919117647059	41.9669117647059
25N13578	-106.7417194	44.4478984	7.14047619047623	12.0047619047619	0.334047619047619	856.295238095238	27.5119047619048	-8.37380952380949	35.8857142857143	15.6976190476191	-3.34523809523806	18.6785714285715	-3.34523809523806	460.666666666667	78.6714285714286	14.452380952381	54.9380952380952	207.395238095238	45.647619047619	158.02380952381	45.647619047619	211.941176470588	202.919117647059	41.9669117647059
25N13579	-106.7417194	44.4478984	7.14047619047623	12.0047619047619	0.334047619047619	856.295238095238	27.5119047619048	-8.37380952380949	35.8857142857143	15.6976190476191	-3.34523809523806	18.6785714285715	-3.34523809523806	460.666666666667	78.6714285714286	14.452380952381	54.9380952380952	207.395238095238	45.647619047619	158.02380952381	45.647619047619	211.941176470588	202.919117647059	41.9669117647059
25N13580	-106.7417194	44.4478984	7.14047619047623	12.0047619047619	0.334047619047619	856.295238095238	27.5119047619048	-8.37380952380949	35.8857142857143	15.6976190476191	-3.34523809523806	18.6785714285715	-3.34523809523806	460.666666666667	78.6714285714286	14.452380952381	54.9380952380952	207.395238095238	45.647619047619	158.02380952381	45.647619047619	211.941176470588	202.919117647059	41.9669117647059
25N13581	-106.7417194	44.4478984	7.14047619047623	12.0047619047619	0.334047619047619	856.295238095238	27.5119047619048	-8.37380952380949	35.8857142857143	15.6976190476191	-3.34523809523806	18.6785714285715	-3.34523809523806	460.666666666667	78.6714285714286	14.452380952381	54.9380952380952	207.395238095238	45.647619047619	158.02380952381	45.647619047619	211.941176470588	202.919117647059	41.9669117647059
25N13582	-106.7417194	44.4478984	7.14047619047623	12.0047619047619	0.334047619047619	856.295238095238	27.5119047619048	-8.37380952380949	35.8857142857143	15.6976190476191	-3.34523809523806	18.6785714285715	-3.34523809523806	460.666666666667	78.6714285714286	14.452380952381	54.9380952380952	207.395238095238	45.647619047619	158.02380952381	45.647619047619	211.941176470588	202.919117647059	41.9669117647059
25N13583	-106.7417194	44.4478984	7.14047619047623	12.0047619047619	0.334047619047619	856.295238095238	27.5119047619048	-8.37380952380949	35.8857142857143	15.6976190476191	-3.34523809523806	18.6785714285715	-3.34523809523806	460.666666666667	78.6714285714286	14.452380952381	54.9380952380952	207.395238095238	45.647619047619	158.02380952381	45.647619047619	211.941176470588	202.919117647059	41.9669117647059
25N13584	-106.7417194	44.4478984	7.14047619047623	12.0047619047619	0.334047619047619	856.295238095238	27.5119047619048	-8.37380952380949	35.8857142857143	15.6976190476191	-3.34523809523806	18.6785714285715	-3.34523809523806	460.666666666667	78.6714285714286	14.452380952381	54.9380952380952	207.395238095238	45.647619047619	158.02380952381	45.647619047619	211.941176470588	202.919117647059	41.9669117647059
25N13585	-106.7417194	44.4478984	7.14047619047623	12.0047619047619	0.334047619047619	856.295238095238	27.5119047619048	-8.37380952380949	35.8857142857143	15.6976190476191	-3.34523809523806	18.6785714285715	-3.34523809523806	460.666666666667	78.6714285714286	14.452380952381	54.9380952380952	207.395238095238	45.647619047619	158.02380952381	45.647619047619	211.941176470588	202.919117647059	41.9669117647059
25N13586	-106.7417194	44.4478984	7.14047619047623	12.0047619047619	0.334047619047619	856.295238095238	27.5119047619048	-8.37380952380949	35.8857142857143	15.6976190476191	-3.34523809523806	18.6785714285715	-3.34523809523806	460.666666666667	78.6714285714286	14.452380952381	54.9380952380952	207.395238095238	45.647619047619	158.02380952381	45.647619047619	211.941176470588	202.919117647059	41.9669117647059
25N13631	-104.7318117	41.1170592	8.30000000000003	12.415	0.36005	817.535	28.39	-6.09999999999996	34.49	16.71	-1.58999999999996	19.36	-1.58999999999996	390.25	61.565	7.97	58.955	176.55	29.235	161.13	29.235	234.420833333333	438.05	47.7291666666667
25N13632	-104.7318117	41.1170592	8.30000000000003	12.415	0.36005	817.535	28.39	-6.09999999999996	34.49	16.71	-1.58999999999996	19.36	-1.58999999999996	390.25	61.565	7.97	58.955	176.55	29.235	161.13	29.235	234.420833333333	438.05	47.7291666666667
25N13633	-104.7318117	41.1170592	8.30000000000003	12.415	0.36005	817.535	28.39	-6.09999999999996	34.49	16.71	-1.58999999999996	19.36	-1.58999999999996	390.25	61.565	7.97	58.955	176.55	29.235	161.13	29.235	234.420833333333	438.05	47.7291666666667
25N13634	-104.7318117	41.1170592	8.30000000000003	12.415	0.36005	817.535	28.39	-6.09999999999996	34.49	16.71	-1.58999999999996	19.36	-1.58999999999996	390.25	61.565	7.97	58.955	176.55	29.235	161.13	29.235	234.420833333333	438.05	47.7291666666667
25N13635	-104.7318117	41.1170592	8.30000000000003	12.415	0.36005	817.535	28.39	-6.09999999999996	34.49	16.71	-1.58999999999996	19.36	-1.58999999999996	390.25	61.565	7.97	58.955	176.55	29.235	161.13	29.235	234.420833333333	438.05	47.7291666666667
25N17422	-113.643808	46.724742	6.72727272727276	12.7	0.329181818181818	875.418181818182	27.5363636363637	-10.9772727272727	38.5136363636364	10.6	-1.82272727272724	18.2	-4.31818181818178	421	61.6181818181818	24.7772727272727	32.6636363636364	152.795454545455	78.4954545454545	122.263636363636	84.6318181818182	192.253125	390.709375	235.2375
25N17423	-113.643808	46.724742	6.72727272727276	12.7	0.329181818181818	875.418181818182	27.5363636363637	-10.9772727272727	38.5136363636364	10.6	-1.82272727272724	18.2	-4.31818181818178	421	61.6181818181818	24.7772727272727	32.6636363636364	152.795454545455	78.4954545454545	122.263636363636	84.6318181818182	192.253125	390.709375	235.2375
25N17425	-113.643808	46.724742	6.72727272727276	12.7	0.329181818181818	875.418181818182	27.5363636363637	-10.9772727272727	38.5136363636364	10.6	-1.82272727272724	18.2	-4.31818181818178	421	61.6181818181818	24.7772727272727	32.6636363636364	152.795454545455	78.4954545454545	122.263636363636	84.6318181818182	192.253125	390.709375	235.2375
25N17426	-113.643808	46.724742	6.72727272727276	12.7	0.329181818181818	875.418181818182	27.5363636363637	-10.9772727272727	38.5136363636364	10.6	-1.82272727272724	18.2	-4.31818181818178	421	61.6181818181818	24.7772727272727	32.6636363636364	152.795454545455	78.4954545454545	122.263636363636	84.6318181818182	192.253125	390.709375	235.2375
25N17427	-113.643808	46.724742	6.72727272727276	12.7	0.329181818181818	875.418181818182	27.5363636363637	-10.9772727272727	38.5136363636364	10.6	-1.82272727272724	18.2	-4.31818181818178	421	61.6181818181818	24.7772727272727	32.6636363636364	152.795454545455	78.4954545454545	122.263636363636	84.6318181818182	192.253125	390.709375	235.2375
25N17428	-113.643808	46.724742	6.72727272727276	12.7	0.329181818181818	875.418181818182	27.5363636363637	-10.9772727272727	38.5136363636364	10.6	-1.82272727272724	18.2	-4.31818181818178	421	61.6181818181818	24.7772727272727	32.6636363636364	152.795454545455	78.4954545454545	122.263636363636	84.6318181818182	192.253125	390.709375	235.2375
25N17429	-113.643808	46.724742	6.72727272727276	12.7	0.329181818181818	875.418181818182	27.5363636363637	-10.9772727272727	38.5136363636364	10.6	-1.82272727272724	18.2	-4.31818181818178	421	61.6181818181818	24.7772727272727	32.6636363636364	152.795454545455	78.4954545454545	122.263636363636	84.6318181818182	192.253125	390.709375	235.2375
25N17430	-113.643808	46.724742	6.72727272727276	12.7	0.329181818181818	875.418181818182	27.5363636363637	-10.9772727272727	38.5136363636364	10.6	-1.82272727272724	18.2	-4.31818181818178	421	61.6181818181818	24.7772727272727	32.6636363636364	152.795454545455	78.4954545454545	122.263636363636	84.6318181818182	192.253125	390.709375	235.2375
25N17431	-113.643808	46.724742	6.72727272727276	12.7	0.329181818181818	875.418181818182	27.5363636363637	-10.9772727272727	38.5136363636364	10.6	-1.82272727272724	18.2	-4.31818181818178	421	61.6181818181818	24.7772727272727	32.6636363636364	152.795454545455	78.4954545454545	122.263636363636	84.6318181818182	192.253125	390.709375	235.2375
25N19612	-98.6351419	46.8751561	5.32619047619051	10.0904761904762	0.235761904761905	1168.26666666667	27.002380952381	-15.697619047619	42.7	17.4785714285715	-10.3357142857142	19.7690476190477	-10.3357142857142	511.714285714286	88.3380952380952	12.4809523809524	63.4761904761905	244.804761904762	38.4285714285714	230.457142857143	38.4285714285714	237.885416666667	388.642361111111	49.8541666666667
25N19613	-98.6351419	46.8751561	5.32619047619051	10.0904761904762	0.235761904761905	1168.26666666667	27.002380952381	-15.697619047619	42.7	17.4785714285715	-10.3357142857142	19.7690476190477	-10.3357142857142	511.714285714286	88.3380952380952	12.4809523809524	63.4761904761905	244.804761904762	38.4285714285714	230.457142857143	38.4285714285714	237.885416666667	388.642361111111	49.8541666666667
25N19614	-98.6351419	46.8751561	5.32619047619051	10.0904761904762	0.235761904761905	1168.26666666667	27.002380952381	-15.697619047619	42.7	17.4785714285715	-10.3357142857142	19.7690476190477	-10.3357142857142	511.714285714286	88.3380952380952	12.4809523809524	63.4761904761905	244.804761904762	38.4285714285714	230.457142857143	38.4285714285714	237.885416666667	388.642361111111	49.8541666666667
25N19615	-98.6351419	46.8751561	5.32619047619051	10.0904761904762	0.235761904761905	1168.26666666667	27.002380952381	-15.697619047619	42.7	17.4785714285715	-10.3357142857142	19.7690476190477	-10.3357142857142	511.714285714286	88.3380952380952	12.4809523809524	63.4761904761905	244.804761904762	38.4285714285714	230.457142857143	38.4285714285714	237.885416666667	388.642361111111	49.8541666666667
25N19616	-98.6351419	46.8751561	5.32619047619051	10.0904761904762	0.235761904761905	1168.26666666667	27.002380952381	-15.697619047619	42.7	17.4785714285715	-10.3357142857142	19.7690476190477	-10.3357142857142	511.714285714286	88.3380952380952	12.4809523809524	63.4761904761905	244.804761904762	38.4285714285714	230.457142857143	38.4285714285714	237.885416666667	388.642361111111	49.8541666666667
25N19617	-98.6351419	46.8751561	5.32619047619051	10.0904761904762	0.235761904761905	1168.26666666667	27.002380952381	-15.697619047619	42.7	17.4785714285715	-10.3357142857142	19.7690476190477	-10.3357142857142	511.714285714286	88.3380952380952	12.4809523809524	63.4761904761905	244.804761904762	38.4285714285714	230.457142857143	38.4285714285714	237.885416666667	388.642361111111	49.8541666666667
24N21269	-98.6341	46.87276	5.32727272727276	10.0954545454545	0.235863636363636	1168.06818181818	27	-15.6954545454545	42.6954545454546	17.4772727272728	-10.3318181818181	19.7681818181819	-10.3318181818181	512.454545454545	88.4227272727273	12.5	63.4545454545455	245.118181818182	38.5	230.722727272727	38.5	244.71484375	397.05078125	51.4140625
